
pca(0.9):
RF
0.6686893203883495 0.6506024096385542 0.687041564792176
0.9848300970873787 0.9951807228915662 0.9743276283618582
0.9330922242314648 0.9601930036188179 0.9060240963855422
dt
0.6608009708737864 0.6433734939759036 0.6784841075794621
0.9799757281553398 0.9843373493975903 0.9755501222493888
0.9101868595539482 0.9119420989143546 0.908433734939759
lda
0.5182038834951457 0.28313253012048195 0.7567237163814181
0.7366504854368932 0.4807228915662651 0.9963325183374083
0.707655213984328 0.4692400482509047 0.9457831325301205
svm
NB
0.524878640776699 0.06265060240963856 0.9938875305623472
0.7906553398058253 0.5903614457831325 0.9938875305623472
0.6395418927064497 0.30639324487334135 0.9722891566265061
adaboost
0.7154126213592233 0.7506024096385542 0.6797066014669927
0.9757281553398058 0.9855421686746988 0.9657701711491442
0.9077757685352622 0.9191797346200241 0.8963855421686747
gboost
0.7032766990291263 0.7373493975903614 0.6687041564792175
0.9830097087378641 0.9939759036144579 0.9718826405867971
0.9288728149487643 0.9613992762364294 0.8963855421686747
MI(0.9):
RF
0.9757281553398058 0.9903614457831326 0.960880195599022
0.9963592233009708 1.0 0.9926650366748166
0.9722724532851115 0.9963811821471653 0.9481927710843373
Dt
0.9229368932038835 0.9132530120481928 0.9327628361858191
0.9854368932038835 0.9903614457831326 0.980440097799511
0.9559975889089813 0.9529553679131484 0.9590361445783132
lda
0.9241504854368932 0.9253012048192771 0.9229828850855746
0.9975728155339806 0.9987951807228915 0.9963325183374083
0.9590114526823388 0.9903498190591074 0.927710843373494
svm
NB
0.654126213592233 0.3506024096385542 0.9621026894865525
0.8774271844660194 0.7674698795180723 0.988997555012225
0.8282097649186256 0.721351025331725 0.9349397590361446
adaboost
0.970873786407767 0.9783132530120482 0.9633251833740831
0.9963592233009708 0.9987951807228915 0.9938875305623472
0.9770946353224834 0.9867310012062727 0.9674698795180723
gboost
0.9817961165048543 0.9855421686746988 0.9779951100244498
0.9963592233009708 1.0 0.9926650366748166
0.9776974080771549 0.991556091676719 0.963855421686747
t-test
RF
0.975121359223301 0.9951807228915662 0.9547677261613692
0.9969660194174758 1.0 0.9938875305623472
0.9807112718505123 1.0 0.9614457831325302
dt
0.9168689320388349 0.9120481927710843 0.921760391198044
0.9872572815533981 0.9867469879518073 0.9877750611246944
0.9559975889089813 0.9650180940892642 0.946987951807229
LDA
0.9259708737864077 0.9144578313253012 0.9376528117359413
0.9945388349514563 0.9927710843373494 0.9963325183374083
0.9746835443037974 0.9758745476477684 0.9734939759036144
SVM
NB
0.6256067961165048 0.28795180722891567 0.9682151589242054
0.9908980582524272 0.9987951807228915 0.9828850855745721
0.9523809523809523 0.9746682750301568 0.9301204819277108
adaboost
0.9714805825242718 0.9783132530120482 0.9645476772616137
0.9975728155339806 1.0 0.9951100244498777
0.9837251356238698 0.991556091676719 0.9759036144578314
gboost
0.9799757281553398 0.9855421686746988 0.9743276283618582
0.995752427184466 1.0 0.991442542787286
0.9825195901145268 0.9963811821471653 0.9686746987951808
without selection:
DT
0.9114077669902912 0.9024096385542169 0.9205378973105135
0.0542149543762207
0.991504854368932 0.9915662650602409 0.991442542787286
0.051827192306518555
0.9572031344183243 0.9662243667068757 0.9481927710843373
0.05985116958618164
RF
0.9739077669902912 0.9975903614457832 0.9498777506112469
0.1505753993988037
0.9969660194174758 1.0 0.9938875305623472
0.1449894905090332
0.9801084990958409 1.0 0.9602409638554217
0.14567995071411133
LDA
svm
0.9229368932038835 0.9192771084337349 0.9266503667481663
0.11689305305480957
0.9951456310679612 0.9987951807228915 0.991442542787286
0.06883668899536133
NB
0.6419902912621359 0.3433734939759036 0.9449877750611247
0.08374524116516113
0.9842233009708737 0.9987951807228915 0.969437652811736
0.07790160179138184
0.918625678119349 0.8962605548854041 0.9409638554216867
0.0988166332244873
adaboost
0.9702669902912622 0.9759036144578314 0.9645476772616137
0.3668346405029297
0.9975728155339806 1.0 0.9951100244498777
0.3693382740020752
0.9849306811332128 0.991556091676719 0.9783132530120482
0.3525969982147217
gboost
0.9817961165048543 0.9891566265060241 0.9743276283618582
0.1192622184753418
0.9951456310679612 1.0 0.9902200488997555
0.1135094165802002
0.9855334538878843 0.9987937273823885 0.9722891566265061
0.0941007137298584


